Name,Date,Open,High,Low,Close,Volume
AGI044,20160218,100.06,100.06,100.06,100.06,0
AGI044,20160219,100.06,100.06,100.06,100.06,0
AGI044,20160222,100.05,100.05,100.05,100.05,0
AGI044,20160223,100.04,100.04,100.04,100.04,0
AGI044,20160224,100.04,100.04,100.04,100.04,0
AGI044,20160225,100.03,100.03,100.03,100.03,0
AGI044,20160226,100.03,100.03,100.03,100.03,0
AGI044,20160229,100.01,100.01,100.01,100.01,0
AGI044,20160301,100.73,100.73,100.73,100.73,0
AGI044,20160302,100.73,100.73,100.73,100.73,0
AGI044,20160303,103.46,103.46,103.46,103.46,0
AGI044,20160304,104.08,104.08,104.08,104.08,0
AGI044,20160307,105.98,105.98,105.98,105.98,0
AGI044,20160308,105.91,105.91,105.91,105.91,0
AGI044,20160309,106.03,106.03,106.03,106.03,0
AGI044,20160310,108.57,108.57,108.57,108.57,0
AGI044,20160311,110.20,110.20,110.20,110.20,0
AGI044,20160314,110.21,110.21,110.21,110.21,0
AGI044,20160315,110.21,110.21,110.21,110.21,0
AGI044,20160316,110.21,110.21,110.21,110.21,0
AGI044,20160317,112.64,112.64,112.64,112.64,0
AGI044,20160318,113.66,113.66,113.66,113.66,0
AGI044,20160321,113.22,113.22,113.22,113.22,0
AGI044,20160322,113.23,113.23,113.23,113.23,0
AGI044,20160323,114.24,114.24,114.24,114.24,0
AGI044,20160324,114.12,114.12,114.12,114.12,0
AGI044,20160329,114.44,114.44,114.44,114.44,0
AGI044,20160330,117.39,117.39,117.39,117.39,0
AGI044,20160331,118.14,118.14,118.14,118.14,0
AGI044,20160401,117.71,117.71,117.71,117.71,0
AGI044,20160404,117.93,117.93,117.93,117.93,0
AGI044,20160405,117.33,117.33,117.33,117.33,0
AGI044,20160406,116.90,116.90,116.90,116.90,0
AGI044,20160407,116.87,116.87,116.87,116.87,0
AGI044,20160408,116.93,116.93,116.93,116.93,0
AGI044,20160411,116.92,116.92,116.92,116.92,0
AGI044,20160412,116.84,116.84,116.84,116.84,0
AGI044,20160413,118.29,118.29,118.29,118.29,0
AGI044,20160414,118.64,118.64,118.64,118.64,0
AGI044,20160415,118.03,118.03,118.03,118.03,0
AGI044,20160418,118.75,118.75,118.75,118.75,0
AGI044,20160419,121.26,121.26,121.26,121.26,0
AGI044,20160420,121.11,121.11,121.11,121.11,0
AGI044,20160421,120.81,120.81,120.81,120.81,0
AGI044,20160426,119.76,119.76,119.76,119.76,0
AGI044,20160427,119.32,119.32,119.32,119.32,0
AGI044,20160428,119.87,119.87,119.87,119.87,0
AGI044,20160429,121.01,121.01,121.01,121.01,0
AGI044,20160502,121.19,121.19,121.19,121.19,0
AGI044,20160504,121.02,121.02,121.02,121.02,0
AGI044,20160505,119.60,119.60,119.60,119.60,0
AGI044,20160506,120.55,120.55,120.55,120.55,0
AGI044,20160509,120.18,120.18,120.18,120.18,0
AGI044,20160510,119.16,119.16,119.16,119.16,0
AGI044,20160511,120.01,120.01,120.01,120.01,0
AGI044,20160512,120.22,120.22,120.22,120.22,0
AGI044,20160513,121.07,121.07,121.07,121.07,0
AGI044,20160516,122.83,122.83,122.83,122.83,0
AGI044,20160517,122.75,122.75,122.75,122.75,0
AGI044,20160518,122.93,122.93,122.93,122.93,0
AGI044,20160519,121.54,121.54,121.54,121.54,0
AGI044,20160520,121.61,121.61,121.61,121.61,0
AGI044,20160523,122.03,122.03,122.03,122.03,0
AGI044,20160524,121.49,121.49,121.49,121.49,0
AGI044,20160525,123.09,123.09,123.09,123.09,0
AGI044,20160527,123.00,123.00,123.00,123.00,0
AGI044,20160530,122.67,122.67,122.67,122.67,0
AGI044,20160531,121.69,121.69,121.69,121.69,0
AGI044,20160601,119.99,119.99,119.99,119.99,0
AGI044,20160602,120.58,120.58,120.58,120.58,0
AGI044,20160603,122.11,122.11,122.11,122.11,0
AGI044,20160606,122.22,122.22,122.22,122.22,0
AGI044,20160607,123.65,123.65,123.65,123.65,0
AGI044,20160608,124.13,124.13,124.13,124.13,0
AGI044,20160609,122.53,122.53,122.53,122.53,0
AGI044,20160610,121.40,121.40,121.40,121.40,0
AGI044,20160613,120.94,120.94,120.94,120.94,0
AGI044,20160614,119.82,119.82,119.82,119.82,0
AGI044,20160615,120.40,120.40,120.40,120.40,0
AGI044,20160616,118.41,118.41,118.41,118.41,0
AGI044,20160617,119.23,119.23,119.23,119.23,0
AGI044,20160620,120.85,120.85,120.85,120.85,0
AGI044,20160621,121.72,121.72,121.72,121.72,0
AGI044,20160622,122.59,122.59,122.59,122.59,0
AGI044,20160623,124.70,124.70,124.70,124.70,0
AGI044,20160624,122.63,122.63,122.63,122.63,0
AGI044,20160627,120.97,120.97,120.97,120.97,0
AGI044,20160628,122.57,122.57,122.57,122.57,0
AGI044,20160629,123.06,123.06,123.06,123.06,0
AGI044,20160630,123.30,123.30,123.30,123.30,0
AGI044,20160701,122.84,122.84,122.84,122.84,0
AGI044,20160704,121.91,121.91,121.91,121.91,0
AGI044,20160705,121.47,121.47,121.47,121.47,0
AGI044,20160706,120.11,120.11,120.11,120.11,0
AGI044,20160707,121.27,121.27,121.27,121.27,0
AGI044,20160708,121.36,121.36,121.36,121.36,0
AGI044,20160711,123.36,123.36,123.36,123.36,0
AGI044,20160712,124.01,124.01,124.01,124.01,0
AGI044,20160713,123.51,123.51,123.51,123.51,0
AGI044,20160714,124.44,124.44,124.44,124.44,0
AGI044,20160715,125.48,125.48,125.48,125.48,0
AGI044,20160718,126.62,126.62,126.62,126.62,0
AGI044,20160719,126.85,126.85,126.85,126.85,0
AGI044,20160720,127.35,127.35,127.35,127.35,0
AGI044,20160721,127.73,127.73,127.73,127.73,0
AGI044,20160722,128.17,128.17,128.17,128.17,0
AGI044,20160725,128.90,128.90,128.90,128.90,0
AGI044,20160726,129.27,129.27,129.27,129.27,0
AGI044,20160727,128.84,128.84,128.84,128.84,0
AGI044,20160728,128.68,128.68,128.68,128.68,0
AGI044,20160729,127.05,127.05,127.05,127.05,0
AGI044,20160801,127.35,127.35,127.35,127.35,0
AGI044,20160802,129.84,129.84,129.84,129.84,0
AGI044,20160803,129.27,129.27,129.27,129.27,0
AGI044,20160804,130.69,130.69,130.69,130.69,0
AGI044,20160805,131.14,131.14,131.14,131.14,0
AGI044,20160808,131.75,131.75,131.75,131.75,0
AGI044,20160809,132.46,132.46,132.46,132.46,0
AGI044,20160810,132.83,132.83,132.83,132.83,0
AGI044,20160811,133.25,133.25,133.25,133.25,0
AGI044,20160812,133.06,133.06,133.06,133.06,0
AGI044,20160816,132.41,132.41,132.41,132.41,0
AGI044,20160817,131.51,131.51,131.51,131.51,0
AGI044,20160818,131.65,131.65,131.65,131.65,0
AGI044,20160819,131.20,131.20,131.20,131.20,0
AGI044,20160822,131.13,131.13,131.13,131.13,0
AGI044,20160823,131.00,131.00,131.00,131.00,0
AGI044,20160824,131.09,131.09,131.09,131.09,0
AGI044,20160825,131.08,131.08,131.08,131.08,0
AGI044,20160826,131.29,131.29,131.29,131.29,0
AGI044,20160829,131.23,131.23,131.23,131.23,0
AGI044,20160830,132.56,132.56,132.56,132.56,0
AGI044,20160831,132.72,132.72,132.72,132.72,0
AGI044,20160901,130.59,130.59,130.59,130.59,0
AGI044,20160902,131.05,131.05,131.05,131.05,0
AGI044,20160905,132.39,132.39,132.39,132.39,0
AGI044,20160906,132.57,132.57,132.57,132.57,0
AGI044,20160907,133.93,133.93,133.93,133.93,0
AGI044,20160908,132.90,132.90,132.90,132.90,0
AGI044,20160909,130.64,130.64,130.64,130.64,0
AGI044,20160912,129.46,129.46,129.46,129.46,0
AGI044,20160913,129.95,129.95,129.95,129.95,0
AGI044,20160914,130.34,130.34,130.34,130.34,0
AGI044,20160915,130.67,130.67,130.67,130.67,0
AGI044,20160916,130.47,130.47,130.47,130.47,0
AGI044,20160919,130.65,130.65,130.65,130.65,0
AGI044,20160920,131.17,131.17,131.17,131.17,0
AGI044,20160921,131.49,131.49,131.49,131.49,0
AGI044,20160922,132.41,132.41,132.41,132.41,0
AGI044,20160923,131.94,131.94,131.94,131.94,0
AGI044,20160926,131.23,131.23,131.23,131.23,0
AGI044,20160927,130.88,130.88,130.88,130.88,0
AGI044,20160928,131.06,131.06,131.06,131.06,0
AGI044,20160929,131.44,131.44,131.44,131.44,0
AGI044,20160930,130.93,130.93,130.93,130.93,0
AGI044,20161003,131.37,131.37,131.37,131.37,0
AGI044,20161004,132.14,132.14,132.14,132.14,0
AGI044,20161005,131.72,131.72,131.72,131.72,0
AGI044,20161006,131.74,131.74,131.74,131.74,0
AGI044,20161007,131.65,131.65,131.65,131.65,0
AGI044,20161010,131.77,131.77,131.77,131.77,0
AGI044,20161011,130.94,130.94,130.94,130.94,0
AGI044,20161012,130.66,130.66,130.66,130.66,0
AGI044,20161013,129.75,129.75,129.75,129.75,0
AGI044,20161014,129.77,129.77,129.77,129.77,0
AGI044,20161017,129.50,129.50,129.50,129.50,0
AGI044,20161018,129.49,129.49,129.49,129.49,0
AGI044,20161019,130.91,130.91,130.91,130.91,0
AGI044,20161020,131.25,131.25,131.25,131.25,0
AGI044,20161021,131.60,131.60,131.60,131.60,0
AGI044,20161024,132.62,132.62,132.62,132.62,0
AGI044,20161025,132.08,132.08,132.08,132.08,0
AGI044,20161026,131.98,131.98,131.98,131.98,0
AGI044,20161027,132.54,132.54,132.54,132.54,0
AGI044,20161028,133.56,133.56,133.56,133.56,0
AGI044,20161031,133.99,133.99,133.99,133.99,0
AGI044,20161102,130.37,130.37,130.37,130.37,0
AGI044,20161103,131.19,131.19,131.19,131.19,0
AGI044,20161104,130.81,130.81,130.81,130.81,0
AGI044,20161107,130.96,130.96,130.96,130.96,0
AGI044,20161108,131.10,131.10,131.10,131.10,0
AGI044,20161109,131.54,131.54,131.54,131.54,0
AGI044,20161110,132.68,132.68,132.68,132.68,0
AGI044,20161114,131.25,131.25,131.25,131.25,0
AGI044,20161115,130.61,130.61,130.61,130.61,0
AGI044,20161116,130.26,130.26,130.26,130.26,0
AGI044,20161117,130.16,130.16,130.16,130.16,0
AGI044,20161118,128.75,128.75,128.75,128.75,0
AGI044,20161121,129.81,129.81,129.81,129.81,0
AGI044,20161122,130.53,130.53,130.53,130.53,0
AGI044,20161123,131.28,131.28,131.28,131.28,0
AGI044,20161124,132.28,132.28,132.28,132.28,0
AGI044,20161125,132.28,132.28,132.28,132.28,0
AGI044,20161128,131.68,131.68,131.68,131.68,0
AGI044,20161129,131.75,131.75,131.75,131.75,0
AGI044,20161130,132.26,132.26,132.26,132.26,0
AGI044,20161201,131.50,131.50,131.50,131.50,0
AGI044,20161202,131.75,131.75,131.75,131.75,0
AGI044,20161205,133.62,133.62,133.62,133.62,0
AGI044,20161206,134.87,134.87,134.87,134.87,0
AGI044,20161207,135.31,135.31,135.31,135.31,0
AGI044,20161208,136.32,136.32,136.32,136.32,0
AGI044,20161209,135.44,135.44,135.44,135.44,0
AGI044,20161212,134.76,134.76,134.76,134.76,0
AGI044,20161213,136.19,136.19,136.19,136.19,0
AGI044,20161214,136.67,136.67,136.67,136.67,0
AGI044,20161215,136.01,136.01,136.01,136.01,0
AGI044,20161216,136.33,136.33,136.33,136.33,0
AGI044,20161219,136.35,136.35,136.35,136.35,0
AGI044,20161220,136.92,136.92,136.92,136.92,0
AGI044,20161221,136.46,136.46,136.46,136.46,0
AGI044,20161222,136.27,136.27,136.27,136.27,0
AGI044,20161223,135.92,135.92,135.92,135.92,0
AGI044,20161227,135.77,135.77,135.77,135.77,0
AGI044,20161228,135.45,135.45,135.45,135.45,0
AGI044,20161229,137.09,137.09,137.09,137.09,0
AGI044,20161230,137.20,137.20,137.20,137.20,0
AGI044,20170102,138.32,138.32,138.32,138.32,0
AGI044,20170103,140.44,140.44,140.44,140.44,0
AGI044,20170104,140.17,140.17,140.17,140.17,0
AGI044,20170105,140.69,140.69,140.69,140.69,0
AGI044,20170109,140.69,140.69,140.69,140.69,0
AGI044,20170110,141.15,141.15,141.15,141.15,0
AGI044,20170111,141.70,141.70,141.70,141.70,0
AGI044,20170112,141.61,141.61,141.61,141.61,0
AGI044,20170113,141.39,141.39,141.39,141.39,0
AGI044,20170116,141.91,141.91,141.91,141.91,0
AGI044,20170117,142.16,142.16,142.16,142.16,0
AGI044,20170118,142.01,142.01,142.01,142.01,0
AGI044,20170119,142.33,142.33,142.33,142.33,0
AGI044,20170120,143.69,143.69,143.69,143.69,0
AGI044,20170123,143.96,143.96,143.96,143.96,0
AGI044,20170124,145.94,145.94,145.94,145.94,0
AGI044,20170125,148.43,148.43,148.43,148.43,0
AGI044,20170126,148.02,148.02,148.02,148.02,0
AGI044,20170127,149.10,149.10,149.10,149.10,0
AGI044,20170130,149.01,149.01,149.01,149.01,0
AGI044,20170131,149.70,149.70,149.70,149.70,0
AGI044,20170201,150.02,150.02,150.02,150.02,0
AGI044,20170202,149.56,149.56,149.56,149.56,0
AGI044,20170203,149.52,149.52,149.52,149.52,0
AGI044,20170206,149.63,149.63,149.63,149.63,0
AGI044,20170207,149.52,149.52,149.52,149.52,0
AGI044,20170208,150.04,150.04,150.04,150.04,0
AGI044,20170209,152.34,152.34,152.34,152.34,0
AGI044,20170210,154.06,154.06,154.06,154.06,0
AGI044,20170213,155.00,155.00,155.00,155.00,0
AGI044,20170214,154.62,154.62,154.62,154.62,0
AGI044,20170215,154.04,154.04,154.04,154.04,0
AGI044,20170216,155.06,155.06,155.06,155.06,0
AGI044,20170217,153.75,153.75,153.75,153.75,0
AGI044,20170220,154.40,154.40,154.40,154.40,0
AGI044,20170221,155.90,155.90,155.90,155.90,0
AGI044,20170222,155.83,155.83,155.83,155.83,0
AGI044,20170223,156.63,156.63,156.63,156.63,0
AGI044,20170224,155.55,155.55,155.55,155.55,0
AGI044,20170227,155.80,155.80,155.80,155.80,0
AGI044,20170228,155.44,155.44,155.44,155.44,0
AGI044,20170301,157.53,157.53,157.53,157.53,0
AGI044,20170302,158.49,158.49,158.49,158.49,0
AGI044,20170303,158.65,158.65,158.65,158.65,0
AGI044,20170306,157.87,157.87,157.87,157.87,0
AGI044,20170307,156.82,156.82,156.82,156.82,0
AGI044,20170308,154.63,154.63,154.63,154.63,0
AGI044,20170309,153.20,153.20,153.20,153.20,0
AGI044,20170310,154.45,154.45,154.45,154.45,0
AGI044,20170313,155.98,155.98,155.98,155.98,0
AGI044,20170314,155.39,155.39,155.39,155.39,0
AGI044,20170315,155.68,155.68,155.68,155.68,0
AGI044,20170316,156.84,156.84,156.84,156.84,0
AGI044,20170317,157.14,157.14,157.14,157.14,0
AGI044,20170320,156.58,156.58,156.58,156.58,0
AGI044,20170321,155.22,155.22,155.22,155.22,0
AGI044,20170322,154.34,154.34,154.34,154.34,0
AGI044,20170323,155.31,155.31,155.31,155.31,0
AGI044,20170324,155.43,155.43,155.43,155.43,0
AGI044,20170327,154.49,154.49,154.49,154.49,0
